{
 "cells": [
  {
   "cell_type": "markdown",
   "source": [
    "# Phik (φk) - get familiar with the latest correlation coefficient"
   ],
   "metadata": {}
  },
  {
   "cell_type": "markdown",
   "source": [
    "## Setup"
   ],
   "metadata": {}
  },
  {
   "cell_type": "code",
   "execution_count": 1,
   "source": [
    "import pandas as pd\n",
    "import matplotlib.pyplot as plt\n",
    "\n",
    "from pandas_profiling import ProfileReport\n",
    "\n",
    "import phik\n",
    "from phik.report import plot_correlation_matrix\n",
    "from phik import report"
   ],
   "outputs": [],
   "metadata": {}
  },
  {
   "cell_type": "markdown",
   "source": [
    "## Data"
   ],
   "metadata": {}
  },
  {
   "cell_type": "code",
   "execution_count": 2,
   "source": [
    "cols_to_keep = [\"english_name\", \"gen\", \"primary_type\", \"secondary_type\",\n",
    "                \"hp\", \"attack\", \"defense\", \"sp_attack\", \n",
    "                \"sp_defense\", \"speed\", \"is_legendary\", \"is_sublegendary\", \"is_mythical\"]\n",
    "                \n",
    "df = pd.read_csv(\"../data/pokemon.csv\", encoding=\"utf-16-le\", sep=\"\\t\")\n",
    "df = df[cols_to_keep]\n",
    "df = df.set_index(\"english_name\")\n",
    "df.head()"
   ],
   "outputs": [
    {
     "output_type": "execute_result",
     "data": {
      "text/plain": [
       "             gen primary_type secondary_type  hp  attack  defense  sp_attack  \\\n",
       "english_name                                                                   \n",
       "Bulbasaur      I        grass         poison  45      49       49         65   \n",
       "Ivysaur        I        grass         poison  60      62       63         80   \n",
       "Venusaur       I        grass         poison  80      82       83        100   \n",
       "Charmander     I         fire            NaN  39      52       43         60   \n",
       "Charmeleon     I         fire            NaN  58      64       58         80   \n",
       "\n",
       "              sp_defense  speed  is_legendary  is_sublegendary  is_mythical  \n",
       "english_name                                                                 \n",
       "Bulbasaur             65     45             0                0            0  \n",
       "Ivysaur               80     60             0                0            0  \n",
       "Venusaur             100     80             0                0            0  \n",
       "Charmander            50     65             0                0            0  \n",
       "Charmeleon            65     80             0                0            0  "
      ],
      "text/html": [
       "<div>\n",
       "<style scoped>\n",
       "    .dataframe tbody tr th:only-of-type {\n",
       "        vertical-align: middle;\n",
       "    }\n",
       "\n",
       "    .dataframe tbody tr th {\n",
       "        vertical-align: top;\n",
       "    }\n",
       "\n",
       "    .dataframe thead th {\n",
       "        text-align: right;\n",
       "    }\n",
       "</style>\n",
       "<table border=\"1\" class=\"dataframe\">\n",
       "  <thead>\n",
       "    <tr style=\"text-align: right;\">\n",
       "      <th></th>\n",
       "      <th>gen</th>\n",
       "      <th>primary_type</th>\n",
       "      <th>secondary_type</th>\n",
       "      <th>hp</th>\n",
       "      <th>attack</th>\n",
       "      <th>defense</th>\n",
       "      <th>sp_attack</th>\n",
       "      <th>sp_defense</th>\n",
       "      <th>speed</th>\n",
       "      <th>is_legendary</th>\n",
       "      <th>is_sublegendary</th>\n",
       "      <th>is_mythical</th>\n",
       "    </tr>\n",
       "    <tr>\n",
       "      <th>english_name</th>\n",
       "      <th></th>\n",
       "      <th></th>\n",
       "      <th></th>\n",
       "      <th></th>\n",
       "      <th></th>\n",
       "      <th></th>\n",
       "      <th></th>\n",
       "      <th></th>\n",
       "      <th></th>\n",
       "      <th></th>\n",
       "      <th></th>\n",
       "      <th></th>\n",
       "    </tr>\n",
       "  </thead>\n",
       "  <tbody>\n",
       "    <tr>\n",
       "      <th>Bulbasaur</th>\n",
       "      <td>I</td>\n",
       "      <td>grass</td>\n",
       "      <td>poison</td>\n",
       "      <td>45</td>\n",
       "      <td>49</td>\n",
       "      <td>49</td>\n",
       "      <td>65</td>\n",
       "      <td>65</td>\n",
       "      <td>45</td>\n",
       "      <td>0</td>\n",
       "      <td>0</td>\n",
       "      <td>0</td>\n",
       "    </tr>\n",
       "    <tr>\n",
       "      <th>Ivysaur</th>\n",
       "      <td>I</td>\n",
       "      <td>grass</td>\n",
       "      <td>poison</td>\n",
       "      <td>60</td>\n",
       "      <td>62</td>\n",
       "      <td>63</td>\n",
       "      <td>80</td>\n",
       "      <td>80</td>\n",
       "      <td>60</td>\n",
       "      <td>0</td>\n",
       "      <td>0</td>\n",
       "      <td>0</td>\n",
       "    </tr>\n",
       "    <tr>\n",
       "      <th>Venusaur</th>\n",
       "      <td>I</td>\n",
       "      <td>grass</td>\n",
       "      <td>poison</td>\n",
       "      <td>80</td>\n",
       "      <td>82</td>\n",
       "      <td>83</td>\n",
       "      <td>100</td>\n",
       "      <td>100</td>\n",
       "      <td>80</td>\n",
       "      <td>0</td>\n",
       "      <td>0</td>\n",
       "      <td>0</td>\n",
       "    </tr>\n",
       "    <tr>\n",
       "      <th>Charmander</th>\n",
       "      <td>I</td>\n",
       "      <td>fire</td>\n",
       "      <td>NaN</td>\n",
       "      <td>39</td>\n",
       "      <td>52</td>\n",
       "      <td>43</td>\n",
       "      <td>60</td>\n",
       "      <td>50</td>\n",
       "      <td>65</td>\n",
       "      <td>0</td>\n",
       "      <td>0</td>\n",
       "      <td>0</td>\n",
       "    </tr>\n",
       "    <tr>\n",
       "      <th>Charmeleon</th>\n",
       "      <td>I</td>\n",
       "      <td>fire</td>\n",
       "      <td>NaN</td>\n",
       "      <td>58</td>\n",
       "      <td>64</td>\n",
       "      <td>58</td>\n",
       "      <td>80</td>\n",
       "      <td>65</td>\n",
       "      <td>80</td>\n",
       "      <td>0</td>\n",
       "      <td>0</td>\n",
       "      <td>0</td>\n",
       "    </tr>\n",
       "  </tbody>\n",
       "</table>\n",
       "</div>"
      ]
     },
     "metadata": {},
     "execution_count": 2
    }
   ],
   "metadata": {}
  },
  {
   "cell_type": "code",
   "execution_count": 3,
   "source": [
    "profile = ProfileReport(df, title=\"Pokemon Report\")\n",
    "profile.to_file(\"pokemon_report.html\")"
   ],
   "outputs": [
    {
     "output_type": "stream",
     "name": "stderr",
     "text": [
      "Summarize dataset: 100%|██████████| 26/26 [00:03<00:00,  7.68it/s, Completed]\n",
      "Generate report structure: 100%|██████████| 1/1 [00:01<00:00,  1.66s/it]\n",
      "Render HTML: 100%|██████████| 1/1 [00:00<00:00,  1.05it/s]\n",
      "Export report to file: 100%|██████████| 1/1 [00:00<00:00, 163.16it/s]\n"
     ]
    }
   ],
   "metadata": {}
  },
  {
   "cell_type": "markdown",
   "source": [
    "## Phik"
   ],
   "metadata": {}
  },
  {
   "cell_type": "markdown",
   "source": [
    "### Correlation matrix"
   ],
   "metadata": {}
  },
  {
   "cell_type": "code",
   "execution_count": 4,
   "source": [
    "phik_overview = df.phik_matrix()\n",
    "phik_overview.round(2)"
   ],
   "outputs": [
    {
     "output_type": "stream",
     "name": "stdout",
     "text": [
      "interval columns not set, guessing: ['hp', 'attack', 'defense', 'sp_attack', 'sp_defense', 'speed', 'is_legendary', 'is_sublegendary', 'is_mythical']\n"
     ]
    },
    {
     "output_type": "execute_result",
     "data": {
      "text/plain": [
       "                  gen  primary_type  secondary_type    hp  attack  defense  \\\n",
       "gen              1.00          0.27            0.51  0.03    0.15     0.09   \n",
       "primary_type     0.27          1.00            0.62  0.11    0.30     0.29   \n",
       "secondary_type   0.51          0.62            1.00  0.11    0.25     0.39   \n",
       "hp               0.03          0.11            0.11  1.00    0.66     0.66   \n",
       "attack           0.15          0.30            0.25  0.66    1.00     0.60   \n",
       "defense          0.09          0.29            0.39  0.66    0.60     1.00   \n",
       "sp_attack        0.00          0.35            0.28  0.50    0.53     0.33   \n",
       "sp_defense       0.13          0.25            0.20  0.44    0.28     0.66   \n",
       "speed            0.10          0.26            0.29  0.19    0.28     0.20   \n",
       "is_legendary     0.08          0.30            0.00  0.38    0.39     0.27   \n",
       "is_sublegendary  0.28          0.11            0.17  0.34    0.24     0.23   \n",
       "is_mythical      0.09          0.12            0.11  0.18    0.22     0.16   \n",
       "\n",
       "                 sp_attack  sp_defense  speed  is_legendary  is_sublegendary  \\\n",
       "gen                   0.00        0.13   0.10          0.08             0.28   \n",
       "primary_type          0.35        0.25   0.26          0.30             0.11   \n",
       "secondary_type        0.28        0.20   0.29          0.00             0.17   \n",
       "hp                    0.50        0.44   0.19          0.38             0.34   \n",
       "attack                0.53        0.28   0.28          0.39             0.24   \n",
       "defense               0.33        0.66   0.20          0.27             0.23   \n",
       "sp_attack             1.00        0.47   0.35          0.50             0.36   \n",
       "sp_defense            0.47        1.00   0.28          0.23             0.24   \n",
       "speed                 0.35        0.28   1.00          0.21             0.25   \n",
       "is_legendary          0.50        0.23   0.21          1.00             0.00   \n",
       "is_sublegendary       0.36        0.24   0.25          0.00             1.00   \n",
       "is_mythical           0.29        0.16   0.19          0.00             0.00   \n",
       "\n",
       "                 is_mythical  \n",
       "gen                     0.09  \n",
       "primary_type            0.12  \n",
       "secondary_type          0.11  \n",
       "hp                      0.18  \n",
       "attack                  0.22  \n",
       "defense                 0.16  \n",
       "sp_attack               0.29  \n",
       "sp_defense              0.16  \n",
       "speed                   0.19  \n",
       "is_legendary            0.00  \n",
       "is_sublegendary         0.00  \n",
       "is_mythical             1.00  "
      ],
      "text/html": [
       "<div>\n",
       "<style scoped>\n",
       "    .dataframe tbody tr th:only-of-type {\n",
       "        vertical-align: middle;\n",
       "    }\n",
       "\n",
       "    .dataframe tbody tr th {\n",
       "        vertical-align: top;\n",
       "    }\n",
       "\n",
       "    .dataframe thead th {\n",
       "        text-align: right;\n",
       "    }\n",
       "</style>\n",
       "<table border=\"1\" class=\"dataframe\">\n",
       "  <thead>\n",
       "    <tr style=\"text-align: right;\">\n",
       "      <th></th>\n",
       "      <th>gen</th>\n",
       "      <th>primary_type</th>\n",
       "      <th>secondary_type</th>\n",
       "      <th>hp</th>\n",
       "      <th>attack</th>\n",
       "      <th>defense</th>\n",
       "      <th>sp_attack</th>\n",
       "      <th>sp_defense</th>\n",
       "      <th>speed</th>\n",
       "      <th>is_legendary</th>\n",
       "      <th>is_sublegendary</th>\n",
       "      <th>is_mythical</th>\n",
       "    </tr>\n",
       "  </thead>\n",
       "  <tbody>\n",
       "    <tr>\n",
       "      <th>gen</th>\n",
       "      <td>1.00</td>\n",
       "      <td>0.27</td>\n",
       "      <td>0.51</td>\n",
       "      <td>0.03</td>\n",
       "      <td>0.15</td>\n",
       "      <td>0.09</td>\n",
       "      <td>0.00</td>\n",
       "      <td>0.13</td>\n",
       "      <td>0.10</td>\n",
       "      <td>0.08</td>\n",
       "      <td>0.28</td>\n",
       "      <td>0.09</td>\n",
       "    </tr>\n",
       "    <tr>\n",
       "      <th>primary_type</th>\n",
       "      <td>0.27</td>\n",
       "      <td>1.00</td>\n",
       "      <td>0.62</td>\n",
       "      <td>0.11</td>\n",
       "      <td>0.30</td>\n",
       "      <td>0.29</td>\n",
       "      <td>0.35</td>\n",
       "      <td>0.25</td>\n",
       "      <td>0.26</td>\n",
       "      <td>0.30</td>\n",
       "      <td>0.11</td>\n",
       "      <td>0.12</td>\n",
       "    </tr>\n",
       "    <tr>\n",
       "      <th>secondary_type</th>\n",
       "      <td>0.51</td>\n",
       "      <td>0.62</td>\n",
       "      <td>1.00</td>\n",
       "      <td>0.11</td>\n",
       "      <td>0.25</td>\n",
       "      <td>0.39</td>\n",
       "      <td>0.28</td>\n",
       "      <td>0.20</td>\n",
       "      <td>0.29</td>\n",
       "      <td>0.00</td>\n",
       "      <td>0.17</td>\n",
       "      <td>0.11</td>\n",
       "    </tr>\n",
       "    <tr>\n",
       "      <th>hp</th>\n",
       "      <td>0.03</td>\n",
       "      <td>0.11</td>\n",
       "      <td>0.11</td>\n",
       "      <td>1.00</td>\n",
       "      <td>0.66</td>\n",
       "      <td>0.66</td>\n",
       "      <td>0.50</td>\n",
       "      <td>0.44</td>\n",
       "      <td>0.19</td>\n",
       "      <td>0.38</td>\n",
       "      <td>0.34</td>\n",
       "      <td>0.18</td>\n",
       "    </tr>\n",
       "    <tr>\n",
       "      <th>attack</th>\n",
       "      <td>0.15</td>\n",
       "      <td>0.30</td>\n",
       "      <td>0.25</td>\n",
       "      <td>0.66</td>\n",
       "      <td>1.00</td>\n",
       "      <td>0.60</td>\n",
       "      <td>0.53</td>\n",
       "      <td>0.28</td>\n",
       "      <td>0.28</td>\n",
       "      <td>0.39</td>\n",
       "      <td>0.24</td>\n",
       "      <td>0.22</td>\n",
       "    </tr>\n",
       "    <tr>\n",
       "      <th>defense</th>\n",
       "      <td>0.09</td>\n",
       "      <td>0.29</td>\n",
       "      <td>0.39</td>\n",
       "      <td>0.66</td>\n",
       "      <td>0.60</td>\n",
       "      <td>1.00</td>\n",
       "      <td>0.33</td>\n",
       "      <td>0.66</td>\n",
       "      <td>0.20</td>\n",
       "      <td>0.27</td>\n",
       "      <td>0.23</td>\n",
       "      <td>0.16</td>\n",
       "    </tr>\n",
       "    <tr>\n",
       "      <th>sp_attack</th>\n",
       "      <td>0.00</td>\n",
       "      <td>0.35</td>\n",
       "      <td>0.28</td>\n",
       "      <td>0.50</td>\n",
       "      <td>0.53</td>\n",
       "      <td>0.33</td>\n",
       "      <td>1.00</td>\n",
       "      <td>0.47</td>\n",
       "      <td>0.35</td>\n",
       "      <td>0.50</td>\n",
       "      <td>0.36</td>\n",
       "      <td>0.29</td>\n",
       "    </tr>\n",
       "    <tr>\n",
       "      <th>sp_defense</th>\n",
       "      <td>0.13</td>\n",
       "      <td>0.25</td>\n",
       "      <td>0.20</td>\n",
       "      <td>0.44</td>\n",
       "      <td>0.28</td>\n",
       "      <td>0.66</td>\n",
       "      <td>0.47</td>\n",
       "      <td>1.00</td>\n",
       "      <td>0.28</td>\n",
       "      <td>0.23</td>\n",
       "      <td>0.24</td>\n",
       "      <td>0.16</td>\n",
       "    </tr>\n",
       "    <tr>\n",
       "      <th>speed</th>\n",
       "      <td>0.10</td>\n",
       "      <td>0.26</td>\n",
       "      <td>0.29</td>\n",
       "      <td>0.19</td>\n",
       "      <td>0.28</td>\n",
       "      <td>0.20</td>\n",
       "      <td>0.35</td>\n",
       "      <td>0.28</td>\n",
       "      <td>1.00</td>\n",
       "      <td>0.21</td>\n",
       "      <td>0.25</td>\n",
       "      <td>0.19</td>\n",
       "    </tr>\n",
       "    <tr>\n",
       "      <th>is_legendary</th>\n",
       "      <td>0.08</td>\n",
       "      <td>0.30</td>\n",
       "      <td>0.00</td>\n",
       "      <td>0.38</td>\n",
       "      <td>0.39</td>\n",
       "      <td>0.27</td>\n",
       "      <td>0.50</td>\n",
       "      <td>0.23</td>\n",
       "      <td>0.21</td>\n",
       "      <td>1.00</td>\n",
       "      <td>0.00</td>\n",
       "      <td>0.00</td>\n",
       "    </tr>\n",
       "    <tr>\n",
       "      <th>is_sublegendary</th>\n",
       "      <td>0.28</td>\n",
       "      <td>0.11</td>\n",
       "      <td>0.17</td>\n",
       "      <td>0.34</td>\n",
       "      <td>0.24</td>\n",
       "      <td>0.23</td>\n",
       "      <td>0.36</td>\n",
       "      <td>0.24</td>\n",
       "      <td>0.25</td>\n",
       "      <td>0.00</td>\n",
       "      <td>1.00</td>\n",
       "      <td>0.00</td>\n",
       "    </tr>\n",
       "    <tr>\n",
       "      <th>is_mythical</th>\n",
       "      <td>0.09</td>\n",
       "      <td>0.12</td>\n",
       "      <td>0.11</td>\n",
       "      <td>0.18</td>\n",
       "      <td>0.22</td>\n",
       "      <td>0.16</td>\n",
       "      <td>0.29</td>\n",
       "      <td>0.16</td>\n",
       "      <td>0.19</td>\n",
       "      <td>0.00</td>\n",
       "      <td>0.00</td>\n",
       "      <td>1.00</td>\n",
       "    </tr>\n",
       "  </tbody>\n",
       "</table>\n",
       "</div>"
      ]
     },
     "metadata": {},
     "execution_count": 4
    }
   ],
   "metadata": {}
  },
  {
   "cell_type": "code",
   "execution_count": 5,
   "source": [
    "interval_cols = ['hp', 'attack', 'defense', 'sp_attack', 'sp_defense', 'speed']\n",
    "phik_overview = df.phik_matrix(interval_cols=interval_cols)\n",
    "phik_overview"
   ],
   "outputs": [
    {
     "output_type": "execute_result",
     "data": {
      "text/plain": [
       "                      gen  primary_type  secondary_type        hp    attack  \\\n",
       "gen              1.000000      0.272726        0.505442  0.033814  0.154335   \n",
       "primary_type     0.272726      1.000000        0.615622  0.113320  0.304013   \n",
       "secondary_type   0.505442      0.615622        1.000000  0.111118  0.250191   \n",
       "hp               0.033814      0.113320        0.111118  1.000000  0.656955   \n",
       "attack           0.154335      0.304013        0.250191  0.656955  1.000000   \n",
       "defense          0.094097      0.292604        0.387183  0.659373  0.603576   \n",
       "sp_attack        0.000000      0.347285        0.281368  0.496676  0.530309   \n",
       "sp_defense       0.129318      0.251910        0.197364  0.439994  0.280304   \n",
       "speed            0.101911      0.262711        0.287700  0.186801  0.277258   \n",
       "is_legendary     0.077898      0.297484        0.000000  0.376235  0.387124   \n",
       "is_sublegendary  0.280369      0.108569        0.165306  0.337391  0.237333   \n",
       "is_mythical      0.091459      0.117164        0.107653  0.184933  0.216558   \n",
       "\n",
       "                  defense  sp_attack  sp_defense     speed  is_legendary  \\\n",
       "gen              0.094097   0.000000    0.129318  0.101911      0.077898   \n",
       "primary_type     0.292604   0.347285    0.251910  0.262711      0.297484   \n",
       "secondary_type   0.387183   0.281368    0.197364  0.287700      0.000000   \n",
       "hp               0.659373   0.496676    0.439994  0.186801      0.376235   \n",
       "attack           0.603576   0.530309    0.280304  0.277258      0.387124   \n",
       "defense          1.000000   0.334843    0.655287  0.197077      0.267343   \n",
       "sp_attack        0.334843   1.000000    0.469149  0.353237      0.495679   \n",
       "sp_defense       0.655287   0.469149    1.000000  0.280307      0.234875   \n",
       "speed            0.197077   0.353237    0.280307  1.000000      0.207774   \n",
       "is_legendary     0.267343   0.495679    0.234875  0.207774      1.000000   \n",
       "is_sublegendary  0.232854   0.363241    0.244718  0.254706      0.000000   \n",
       "is_mythical      0.158654   0.291572    0.163222  0.191633      0.000000   \n",
       "\n",
       "                 is_sublegendary  is_mythical  \n",
       "gen                     0.280369     0.091459  \n",
       "primary_type            0.108569     0.117164  \n",
       "secondary_type          0.165306     0.107653  \n",
       "hp                      0.337391     0.184933  \n",
       "attack                  0.237333     0.216558  \n",
       "defense                 0.232854     0.158654  \n",
       "sp_attack               0.363241     0.291572  \n",
       "sp_defense              0.244718     0.163222  \n",
       "speed                   0.254706     0.191633  \n",
       "is_legendary            0.000000     0.000000  \n",
       "is_sublegendary         1.000000     0.000000  \n",
       "is_mythical             0.000000     1.000000  "
      ],
      "text/html": [
       "<div>\n",
       "<style scoped>\n",
       "    .dataframe tbody tr th:only-of-type {\n",
       "        vertical-align: middle;\n",
       "    }\n",
       "\n",
       "    .dataframe tbody tr th {\n",
       "        vertical-align: top;\n",
       "    }\n",
       "\n",
       "    .dataframe thead th {\n",
       "        text-align: right;\n",
       "    }\n",
       "</style>\n",
       "<table border=\"1\" class=\"dataframe\">\n",
       "  <thead>\n",
       "    <tr style=\"text-align: right;\">\n",
       "      <th></th>\n",
       "      <th>gen</th>\n",
       "      <th>primary_type</th>\n",
       "      <th>secondary_type</th>\n",
       "      <th>hp</th>\n",
       "      <th>attack</th>\n",
       "      <th>defense</th>\n",
       "      <th>sp_attack</th>\n",
       "      <th>sp_defense</th>\n",
       "      <th>speed</th>\n",
       "      <th>is_legendary</th>\n",
       "      <th>is_sublegendary</th>\n",
       "      <th>is_mythical</th>\n",
       "    </tr>\n",
       "  </thead>\n",
       "  <tbody>\n",
       "    <tr>\n",
       "      <th>gen</th>\n",
       "      <td>1.000000</td>\n",
       "      <td>0.272726</td>\n",
       "      <td>0.505442</td>\n",
       "      <td>0.033814</td>\n",
       "      <td>0.154335</td>\n",
       "      <td>0.094097</td>\n",
       "      <td>0.000000</td>\n",
       "      <td>0.129318</td>\n",
       "      <td>0.101911</td>\n",
       "      <td>0.077898</td>\n",
       "      <td>0.280369</td>\n",
       "      <td>0.091459</td>\n",
       "    </tr>\n",
       "    <tr>\n",
       "      <th>primary_type</th>\n",
       "      <td>0.272726</td>\n",
       "      <td>1.000000</td>\n",
       "      <td>0.615622</td>\n",
       "      <td>0.113320</td>\n",
       "      <td>0.304013</td>\n",
       "      <td>0.292604</td>\n",
       "      <td>0.347285</td>\n",
       "      <td>0.251910</td>\n",
       "      <td>0.262711</td>\n",
       "      <td>0.297484</td>\n",
       "      <td>0.108569</td>\n",
       "      <td>0.117164</td>\n",
       "    </tr>\n",
       "    <tr>\n",
       "      <th>secondary_type</th>\n",
       "      <td>0.505442</td>\n",
       "      <td>0.615622</td>\n",
       "      <td>1.000000</td>\n",
       "      <td>0.111118</td>\n",
       "      <td>0.250191</td>\n",
       "      <td>0.387183</td>\n",
       "      <td>0.281368</td>\n",
       "      <td>0.197364</td>\n",
       "      <td>0.287700</td>\n",
       "      <td>0.000000</td>\n",
       "      <td>0.165306</td>\n",
       "      <td>0.107653</td>\n",
       "    </tr>\n",
       "    <tr>\n",
       "      <th>hp</th>\n",
       "      <td>0.033814</td>\n",
       "      <td>0.113320</td>\n",
       "      <td>0.111118</td>\n",
       "      <td>1.000000</td>\n",
       "      <td>0.656955</td>\n",
       "      <td>0.659373</td>\n",
       "      <td>0.496676</td>\n",
       "      <td>0.439994</td>\n",
       "      <td>0.186801</td>\n",
       "      <td>0.376235</td>\n",
       "      <td>0.337391</td>\n",
       "      <td>0.184933</td>\n",
       "    </tr>\n",
       "    <tr>\n",
       "      <th>attack</th>\n",
       "      <td>0.154335</td>\n",
       "      <td>0.304013</td>\n",
       "      <td>0.250191</td>\n",
       "      <td>0.656955</td>\n",
       "      <td>1.000000</td>\n",
       "      <td>0.603576</td>\n",
       "      <td>0.530309</td>\n",
       "      <td>0.280304</td>\n",
       "      <td>0.277258</td>\n",
       "      <td>0.387124</td>\n",
       "      <td>0.237333</td>\n",
       "      <td>0.216558</td>\n",
       "    </tr>\n",
       "    <tr>\n",
       "      <th>defense</th>\n",
       "      <td>0.094097</td>\n",
       "      <td>0.292604</td>\n",
       "      <td>0.387183</td>\n",
       "      <td>0.659373</td>\n",
       "      <td>0.603576</td>\n",
       "      <td>1.000000</td>\n",
       "      <td>0.334843</td>\n",
       "      <td>0.655287</td>\n",
       "      <td>0.197077</td>\n",
       "      <td>0.267343</td>\n",
       "      <td>0.232854</td>\n",
       "      <td>0.158654</td>\n",
       "    </tr>\n",
       "    <tr>\n",
       "      <th>sp_attack</th>\n",
       "      <td>0.000000</td>\n",
       "      <td>0.347285</td>\n",
       "      <td>0.281368</td>\n",
       "      <td>0.496676</td>\n",
       "      <td>0.530309</td>\n",
       "      <td>0.334843</td>\n",
       "      <td>1.000000</td>\n",
       "      <td>0.469149</td>\n",
       "      <td>0.353237</td>\n",
       "      <td>0.495679</td>\n",
       "      <td>0.363241</td>\n",
       "      <td>0.291572</td>\n",
       "    </tr>\n",
       "    <tr>\n",
       "      <th>sp_defense</th>\n",
       "      <td>0.129318</td>\n",
       "      <td>0.251910</td>\n",
       "      <td>0.197364</td>\n",
       "      <td>0.439994</td>\n",
       "      <td>0.280304</td>\n",
       "      <td>0.655287</td>\n",
       "      <td>0.469149</td>\n",
       "      <td>1.000000</td>\n",
       "      <td>0.280307</td>\n",
       "      <td>0.234875</td>\n",
       "      <td>0.244718</td>\n",
       "      <td>0.163222</td>\n",
       "    </tr>\n",
       "    <tr>\n",
       "      <th>speed</th>\n",
       "      <td>0.101911</td>\n",
       "      <td>0.262711</td>\n",
       "      <td>0.287700</td>\n",
       "      <td>0.186801</td>\n",
       "      <td>0.277258</td>\n",
       "      <td>0.197077</td>\n",
       "      <td>0.353237</td>\n",
       "      <td>0.280307</td>\n",
       "      <td>1.000000</td>\n",
       "      <td>0.207774</td>\n",
       "      <td>0.254706</td>\n",
       "      <td>0.191633</td>\n",
       "    </tr>\n",
       "    <tr>\n",
       "      <th>is_legendary</th>\n",
       "      <td>0.077898</td>\n",
       "      <td>0.297484</td>\n",
       "      <td>0.000000</td>\n",
       "      <td>0.376235</td>\n",
       "      <td>0.387124</td>\n",
       "      <td>0.267343</td>\n",
       "      <td>0.495679</td>\n",
       "      <td>0.234875</td>\n",
       "      <td>0.207774</td>\n",
       "      <td>1.000000</td>\n",
       "      <td>0.000000</td>\n",
       "      <td>0.000000</td>\n",
       "    </tr>\n",
       "    <tr>\n",
       "      <th>is_sublegendary</th>\n",
       "      <td>0.280369</td>\n",
       "      <td>0.108569</td>\n",
       "      <td>0.165306</td>\n",
       "      <td>0.337391</td>\n",
       "      <td>0.237333</td>\n",
       "      <td>0.232854</td>\n",
       "      <td>0.363241</td>\n",
       "      <td>0.244718</td>\n",
       "      <td>0.254706</td>\n",
       "      <td>0.000000</td>\n",
       "      <td>1.000000</td>\n",
       "      <td>0.000000</td>\n",
       "    </tr>\n",
       "    <tr>\n",
       "      <th>is_mythical</th>\n",
       "      <td>0.091459</td>\n",
       "      <td>0.117164</td>\n",
       "      <td>0.107653</td>\n",
       "      <td>0.184933</td>\n",
       "      <td>0.216558</td>\n",
       "      <td>0.158654</td>\n",
       "      <td>0.291572</td>\n",
       "      <td>0.163222</td>\n",
       "      <td>0.191633</td>\n",
       "      <td>0.000000</td>\n",
       "      <td>0.000000</td>\n",
       "      <td>1.000000</td>\n",
       "    </tr>\n",
       "  </tbody>\n",
       "</table>\n",
       "</div>"
      ]
     },
     "metadata": {},
     "execution_count": 5
    }
   ],
   "metadata": {}
  },
  {
   "cell_type": "code",
   "execution_count": 6,
   "source": [
    "plot_correlation_matrix(phik_overview.values, \n",
    "                        x_labels=phik_overview.columns, \n",
    "                        y_labels=phik_overview.index, \n",
    "                        vmin=0, vmax=1, color_map=\"Greens\", \n",
    "                        title=r\"correlation $\\phi_K$\", \n",
    "                        fontsize_factor=1.5, \n",
    "                        figsize=(10, 8))\n",
    "plt.tight_layout()"
   ],
   "outputs": [
    {
     "output_type": "display_data",
     "data": {
      "text/plain": [
       "<Figure size 720x576 with 2 Axes>"
      ],
